[589, 28, 495]
[217, 3, 642]
[733, 199, 15]
[901, 1000, 36]
[589, 514, 633]
[577, 599, 548]
[87, 693, 716]
[182, 502, 457]
[417, 342, 9]
[552, 358, 331]
[823, 420, 679]
[795, 814, 648]
[622, 268, 426]
[437, 570, 608]
[382, 662, 139]
[842, 488, 720]
[136, 800, 990]
[226, 356, 572]
[580, 463, 437]
[1, 752, 687]
[65, 938, 247]
[859, 829, 192]
[37, 340, 403]
[675, 543, 659]
[935, 212, 348]
[376, 446, 478]
[62, 730, 103]
[294, 893, 716]
[774, 182, 503]
[611, 350, 309]
[461, 822, 483]
[622, 875, 146]
[812, 183, 82]
[615, 905, 984]
[200, 472, 474]
[616, 289, 567]
[319, 251, 16]
[357, 944, 425]
[326, 405, 601]
[988, 258, 977]
[971, 56, 127]
[182, 22, 423]
[9, 563, 397]
[153, 629, 739]
[366, 631, 654]
[501, 869, 947]
[6, 19, 162]
[345, 361, 956]
[164, 918, 669]
[198, 269, 980]
[105, 47, 742]
[512, 799, 10]
[100, 536, 25]
[777, 925, 776]
[262, 117, 353]
[494, 167, 293]
[274, 194, 705]
[222, 587, 882]
[656, 767, 496]
[678, 778, 988]
[691, 656, 12]
[393, 213, 100]
[515, 861, 412]
[683, 44, 615]
[184, 821, 161]
[522, 37, 865]
[809, 237, 896]
[648, 371, 861]
[685, 524, 153]
[358, 966, 949]
[84, 911, 794]
[47, 736, 780]
[922, 413, 774]
[64, 592, 945]
[860, 371, 898]
[961, 819, 813]
[451, 884, 967]
[630, 894, 223]
[609, 75, 391]
[853, 233, 991]
[311, 812, 865]
[577, 115, 387]
[506, 659, 976]
[240, 107, 548]
[624, 802, 471]
[999, 838, 538]
[365, 514, 816]
[129, 901, 897]
[506, 55, 212]
[169, 44, 821]
[576, 753, 497]
[332, 302, 187]
[456, 66, 329]
[463, 872, 538]
[522, 173, 837]
[763, 192, 401]
[245, 281, 647]
[449, 535, 232]
[101, 293, 305]
[674, 564, 430]
[200, 403, 473]
[230, 210, 211]
[502, 625, 88]
[780, 143, 746]
[312, 601, 751]
[488, 555, 27]
[531, 455, 616]
[114, 849, 231]
[295, 92, 347]
[830, 1, 141]
[163, 572, 625]
[238, 85, 533]
[950, 100, 60]
[645, 411, 131]
[309, 141, 213]
[81, 241, 784]
[446, 517, 628]
[237, 822, 713]
[62, 170, 892]
[451, 514, 492]
[241, 991, 199]
[770, 525, 768]
[715, 412, 553]
[472, 814, 841]
[33, 231, 654]
[479, 27, 645]
[317, 349, 145]
[570, 597, 62]
[196, 432, 917]
[876, 233, 335]
[240, 421, 554]
[887, 663, 597]
[93, 206, 698]
[806, 568, 667]
[540, 927, 560]
[614, 114, 331]
[437, 159, 585]
[95, 316, 818]
[50, 339, 65]
[938, 145, 442]
[744, 377, 792]
[192, 366, 917]
[275, 155, 422]
[53, 664, 405]
[62, 480, 720]
[994, 884, 558]
[54, 59, 450]
[168, 811, 836]
[938, 752, 484]
[395, 220, 642]
[165, 349, 671]
[69, 535, 782]
[574, 738, 962]
[767, 250, 167]
[77, 512, 363]
[946, 539, 557]
[120, 838, 198]
[545, 710, 910]
[774, 824, 533]
[830, 203, 589]
[973, 796, 435]
[240, 486, 986]
[474, 708, 21]
[768, 716, 582]
[317, 238, 813]
[542, 854, 761]
[701, 744, 319]
[205, 733, 295]
[779, 536, 844]
[743, 461, 593]
[896, 885, 965]
[280, 769, 51]
[316, 385, 668]
[539, 576, 265]
[991, 208, 245]
[11, 399, 7]
[623, 272, 845]
[949, 872, 667]
[419, 725, 594]
[808, 708, 617]
[149, 358, 79]
[139, 962, 314]
[487, 390, 931]
[469, 40, 807]
[470, 913, 997]
[552, 23, 539]
[722, 343, 29]
[232, 44, 448]
[895, 929, 401]
[4, 493, 429]
[775, 514, 427]
[969, 602, 31]
[92, 94, 396]
[381, 171, 850]
[381, 850, 921]
[945, 983, 259]
[204, 803, 428]
[677, 738, 62]
[262, 788, 38]
[772, 787, 627]
[982, 668, 976]
[207, 516, 432]
[183, 510, 961]
[758, 749, 523]
[918, 267, 187]
[381, 532, 314]
[360, 969, 527]
[494, 580, 805]
[745, 719, 764]
[697, 255, 193]
[469, 555, 649]
[23, 144, 68]
[367, 174, 489]
[562, 105, 165]
[576, 748, 332]
[247, 31, 547]
[939, 477, 482]
[38, 923, 329]
[288, 603, 159]
[617, 686, 292]
[513, 817, 601]
[562, 125, 972]
[402, 650, 814]
[901, 714, 618]
[636, 883, 778]
[872, 273, 429]
[437, 320, 752]
[630, 690, 640]
[271, 969, 281]
[643, 810, 397]
[2, 138, 564]
[139, 891, 601]
[517, 428, 516]
[398, 144, 908]
[240, 187, 413]
[973, 477, 682]
[914, 557, 394]
[382, 524, 183]
[321, 54, 148]
[164, 59, 348]
[326, 569, 303]
[732, 520, 504]
[952, 828, 884]
[635, 41, 296]
[470, 636, 876]
[220, 606, 1000]
[539, 305, 165]
[871, 13, 903]
[195, 413, 487]
[437, 967, 503]
[262, 593, 146]
[405, 790, 883]
[757, 694, 932]
[735, 384, 638]
[247, 41, 900]
[403, 778, 269]
[698, 619, 988]
[275, 46, 178]
[926, 227, 286]
[421, 955, 288]
[551, 128, 544]
[617, 657, 168]
[654, 218, 459]
[672, 379, 173]
[424, 845, 902]
[268, 163, 463]
[758, 321, 641]
[739, 364, 252]
[678, 495, 489]
[720, 931, 236]
[167, 809, 114]
[907, 887, 577]
[950, 305, 40]
[334, 929, 875]
[785, 925, 699]
[481, 413, 245]
[508, 963, 471]
[407, 463, 212]
[674, 579, 247]
[971, 778, 346]
[419, 797, 592]
[896, 603, 504]
[603, 692, 643]
[138, 999, 175]
[723, 368, 684]
[301, 756, 285]
[83, 949, 825]
[550, 800, 643]
[496, 583, 483]
[216, 199, 821]
[180, 755, 668]
[919, 351, 573]
[607, 926, 981]
[985, 245, 941]
[835, 725, 776]
[386, 241, 379]
[582, 960, 533]
[959, 549, 164]
[685, 665, 165]
[403, 89, 726]
[774, 332, 117]
[728, 134, 182]
[8, 65, 174]
[922, 225, 907]
[62, 764, 581]
[745, 420, 18]
[517, 477, 190]
[940, 815, 530]
[518, 714, 32]
[630, 22, 423]
[762, 861, 900]
[751, 543, 699]
[343, 114, 1000]
[27, 992, 182]
[513, 813, 922]
[829, 323, 713]
[529, 565, 865]
[255, 122, 739]
[472, 56, 787]
[228, 173, 645]
[222, 964, 113]
[418, 88, 104]
[109, 268, 588]
[358, 150, 487]
[155, 306, 963]
[784, 925, 553]
[397, 182, 550]
[890, 16, 418]
[43, 605, 401]
[537, 766, 55]
[330, 437, 954]
[447, 18, 573]
[239, 418, 176]
[589, 625, 721]
[695, 314, 915]
[538, 522, 568]
[57, 627, 895]
[864, 940, 491]
[483, 197, 600]
[183, 108, 1]
[840, 405, 991]
[86, 540, 357]
[540, 683, 408]
[715, 616, 84]
[88, 183, 429]
[238, 209, 602]
[329, 369, 528]
[96, 786, 766]
[429, 814, 355]
[598, 809, 847]
[896, 149, 627]
[906, 347, 783]
[119, 600, 728]
[544, 564, 446]
[879, 294, 428]
[61, 792, 447]
[299, 779, 164]
[58, 960, 987]
[42, 518, 120]
[893, 28, 50]
[542, 627, 775]
[714, 654, 660]
[815, 847, 230]
[193, 302, 309]
[495, 845, 110]
[537, 292, 440]
[4, 206, 345]
[2, 32, 685]
[928, 35, 8]
[399, 660, 451]
[951, 862, 327]
[945, 667, 916]
[822, 945, 780]
[544, 479, 58]
[695, 15, 47]
[923, 251, 335]
[523, 258, 367]
[773, 870, 200]
[768, 936, 152]
[749, 322, 166]
[297, 306, 923]
[63, 9, 991]
[553, 311, 920]
[998, 39, 915]
[138, 55, 501]
[731, 196, 582]
[731, 402, 562]
[363, 495, 92]
[370, 308, 76]
[396, 161, 690]
[815, 923, 530]
[571, 418, 750]
[261, 539, 19]
[72, 445, 820]
[150, 306, 666]
[313, 480, 736]
[882, 481, 126]
[302, 417, 874]
[721, 688, 665]
[590, 236, 712]
[709, 351, 964]
[85, 64, 532]
[419, 798, 607]
[538, 204, 604]
[656, 379, 396]
[169, 629, 179]
[869, 561, 347]
[459, 352, 544]
[395, 64, 631]
[326, 156, 263]
[988, 395, 591]
[709, 677, 131]
[290, 392, 845]
[829, 292, 63]
[196, 243, 159]
[798, 828, 964]
[24, 59, 775]
[48, 579, 674]
[177, 267, 647]
[750, 394, 956]
[670, 723, 955]
[706, 288, 812]
[542, 418, 585]
[156, 489, 843]
[314, 404, 670]
[145, 769, 157]
[627, 785, 602]
[304, 955, 393]
[971, 970, 991]
[669, 660, 653]
[838, 29, 61]
[887, 894, 201]
[592, 887, 601]
[335, 394, 289]
[235, 444, 130]
[690, 757, 928]
[696, 36, 218]
[541, 279, 802]
[118, 670, 601]
[798, 569, 366]
[129, 747, 141]
[673, 973, 211]
[914, 967, 713]
[520, 657, 357]
[770, 997, 686]
[148, 897, 752]
[720, 558, 249]
[682, 754, 299]
[44, 287, 458]
[269, 110, 938]
[257, 537, 644]
[124, 968, 607]
[625, 900, 77]
[540, 886, 571]
[800, 317, 785]
[169, 303, 209]
[370, 586, 393]
[20, 390, 237]
[664, 488, 526]
[137, 567, 371]
[624, 782, 274]
[860, 574, 248]
[733, 900, 162]
[759, 525, 630]
[265, 861, 128]
[569, 450, 45]
[506, 343, 852]
[254, 338, 463]
[330, 856, 579]
[319, 175, 841]
[385, 236, 438]
[340, 618, 990]
[702, 187, 741]
[946, 582, 451]
[692, 914, 77]
[220, 897, 799]
[91, 602, 242]
[141, 731, 950]
[734, 351, 14]
[120, 525, 172]
[458, 514, 760]
[257, 130, 892]
[427, 383, 747]
[319, 926, 602]
[489, 983, 630]
[841, 317, 23]
[859, 487, 659]
[876, 546, 447]
[545, 639, 587]
[735, 898, 875]
[168, 985, 625]
[560, 695, 631]
[736, 292, 854]
[103, 173, 408]
[812, 892, 972]
[460, 547, 733]
[649, 911, 162]
[684, 675, 277]
[746, 771, 127]
[913, 59, 313]
[276, 559, 152]
[484, 297, 867]
[31, 690, 670]
[815, 594, 264]
[974, 156, 825]
[657, 749, 558]
[879, 881, 419]
[766, 31, 18]
[824, 851, 62]
[573, 245, 612]
[352, 395, 167]
[174, 253, 63]
[615, 863, 283]
[705, 514, 885]
[208, 21, 95]
[671, 92, 959]
[925, 913, 567]
[493, 129, 679]
[747, 667, 65]
[706, 184, 875]
[825, 541, 64]
[862, 824, 864]
[888, 817, 435]
[907, 797, 851]
[290, 34, 823]
[471, 774, 143]
[28, 454, 183]
[285, 935, 36]
[410, 677, 524]
[680, 459, 520]
[477, 774, 235]
[826, 512, 396]
[657, 340, 361]
[497, 289, 172]
[418, 735, 514]
[666, 538, 870]
[792, 871, 286]
[745, 630, 940]
[609, 118, 796]
[823, 231, 284]
[245, 739, 880]
[18, 170, 776]
[34, 286, 171]
[186, 589, 275]
[806, 383, 806]
[459, 798, 560]
[853, 185, 679]
[219, 989, 51]
[906, 287, 301]
[590, 787, 930]
[379, 668, 877]
[11, 184, 271]
[626, 608, 594]
[108, 582, 338]
[524, 890, 258]
[636, 751, 506]
[412, 651, 944]
[181, 548, 314]
[465, 176, 712]
[829, 649, 525]
[359, 928, 802]
[991, 421, 40]
[992, 741, 980]
[891, 465, 46]
[933, 113, 203]
[977, 433, 610]
[351, 878, 205]
[312, 670, 149]
[839, 757, 681]
[672, 324, 262]
[850, 878, 203]
[236, 620, 144]
[982, 945, 702]
[170, 201, 858]
[515, 211, 907]
[144, 8, 281]
[757, 83, 358]
[662, 842, 59]
[348, 589, 164]
[828, 418, 320]
[15, 872, 422]
[275, 239, 316]
[896, 66, 674]
[406, 678, 487]
[876, 166, 667]
[322, 546, 35]
[227, 638, 338]
[598, 363, 438]
[680, 1, 341]
[4, 292, 287]
[342, 662, 270]
[802, 920, 343]
[483, 398, 935]
[674, 402, 101]
[781, 3, 8]
[617, 149, 450]
[98, 868, 922]
[369, 247, 916]
[562, 606, 238]
[685, 543, 758]
[748, 374, 365]
[412, 821, 104]
[872, 417, 736]
[100, 707, 985]
[381, 113, 871]
[76, 874, 424]
[76, 387, 920]
[828, 269, 228]
[708, 676, 846]
[656, 753, 186]
[474, 885, 573]
[73, 787, 107]
[920, 544, 547]
[710, 468, 195]
[936, 522, 755]
[363, 707, 38]
[738, 856, 368]
[690, 6, 116]
[911, 191, 37]
[45, 256, 235]
[661, 215, 164]
[106, 677, 388]
[340, 82, 699]
[362, 441, 829]
[925, 267, 634]
[379, 49, 700]
[890, 493, 748]
[637, 511, 311]
[147, 359, 682]
[523, 563, 805]
[600, 498, 852]
[973, 867, 488]
[718, 475, 816]
[406, 218, 408]
[55, 623, 851]
[593, 754, 381]
[900, 158, 204]
[113, 427, 597]
[193, 128, 762]
[585, 547, 778]
[238, 649, 410]
[953, 989, 868]
[393, 970, 565]
[703, 235, 387]
[931, 727, 140]
[132, 978, 224]
[33, 137, 552]
[853, 864, 545]
[662, 8, 884]
[798, 169, 284]
[921, 963, 395]
[959, 79, 413]
[315, 306, 711]
[99, 771, 959]
[295, 282, 719]
[894, 139, 152]
[932, 776, 293]
[600, 735, 217]
[9, 15, 995]
[832, 586, 542]
[573, 226, 442]
[851, 252, 4]
[231, 165, 682]
[906, 875, 857]
[933, 307, 368]
[865, 814, 808]
[250, 796, 232]
[627, 1000, 504]
[332, 813, 109]
[31, 229, 570]
[722, 867, 814]
[961, 277, 851]
[149, 424, 839]
[9, 650, 710]
[239, 646, 886]
[861, 485, 191]
[671, 606, 232]
[780, 566, 949]
[558, 729, 568]
[496, 447, 614]
[372, 162, 711]
[135, 326, 754]
[23, 672, 759]
[327, 147, 983]
[631, 44, 141]
[1000, 599, 743]
[210, 221, 975]
[565, 792, 119]
[942, 407, 30]
[244, 393, 806]
[671, 850, 892]
[71, 920, 3]
[926, 823, 674]
[319, 494, 77]
[752, 439, 720]
[929, 543, 454]
[981, 314, 906]
[597, 282, 750]
[425, 938, 373]
[899, 756, 288]
[594, 176, 71]
[938, 363, 977]
[268, 327, 283]
[606, 727, 646]
[902, 234, 481]
[943, 533, 424]
[602, 42, 292]
[986, 574, 349]
[921, 445, 770]
[508, 382, 886]
[432, 897, 408]
[580, 192, 947]
[986, 887, 45]
[862, 902, 887]
[876, 520, 210]
[11, 740, 878]
[835, 795, 748]
[458, 580, 1]
[360, 512, 875]
[487, 827, 973]
[909, 85, 517]
[998, 290, 194]
[399, 352, 963]
[605, 235, 187]
[836, 757, 749]
[39, 101, 97]
[365, 187, 158]
[681, 366, 132]
[376, 612, 366]
[491, 368, 776]
[839, 255, 110]
[733, 694, 785]
[398, 457, 608]
[489, 186, 200]
[346, 521, 270]
[928, 934, 909]
[681, 243, 444]
[461, 775, 919]
[698, 181, 923]
[484, 859, 847]
[321, 697, 27]
[651, 59, 829]
[602, 818, 723]
[516, 239, 922]
[616, 289, 972]
[413, 404, 344]
[241, 685, 116]
[379, 682, 892]
[728, 335, 77]
[551, 33, 80]
[803, 280, 685]
[948, 750, 546]
[599, 233, 844]
[421, 346, 443]
[264, 226, 190]
[949, 952, 926]
[958, 840, 278]
[997, 921, 522]
[236, 47, 687]
[576, 143, 526]
[185, 638, 87]
[255, 178, 206]
[464, 713, 558]
[268, 663, 741]
[650, 76, 700]
[969, 941, 637]
[942, 625, 196]
[229, 423, 584]
[912, 993, 858]
[432, 571, 696]
[829, 130, 204]
[800, 788, 174]
[177, 10, 50]
[673, 738, 538]
[494, 284, 145]
[38, 651, 577]
[708, 210, 620]
[175, 536, 888]
[873, 582, 258]
[327, 474, 442]
[605, 439, 626]
[262, 251, 225]
[522, 296, 408]
[331, 476, 384]
[741, 893, 632]
[412, 293, 918]
[702, 61, 632]
[907, 776, 35]
[171, 112, 156]
[163, 531, 973]
[110, 558, 849]
[149, 560, 359]
[864, 742, 326]
[402, 376, 563]
[455, 14, 986]
[847, 684, 285]
[199, 271, 997]
[338, 443, 774]
[370, 366, 539]
[354, 984, 660]
[213, 977, 414]
[702, 543, 927]
[915, 985, 446]
[149, 798, 580]
[225, 12, 218]
[277, 372, 805]
[574, 358, 79]
[391, 211, 296]
[71, 431, 221]
[166, 469, 596]
[589, 43, 143]
[93, 205, 893]
[585, 130, 901]
[909, 646, 76]
[988, 227, 640]
[103, 482, 655]
[8, 820, 75]
[156, 882, 779]
[865, 466, 153]
[467, 325, 714]
[798, 959, 202]
[139, 184, 602]
[742, 128, 312]
[256, 461, 250]
[579, 3, 878]
[564, 627, 427]
[140, 416, 655]
[674, 951, 626]
[249, 62, 783]
[654, 562, 785]
[953, 586, 182]
[253, 236, 806]
[792, 749, 53]
[871, 884, 660]
[482, 152, 459]
[468, 342, 636]
[586, 223, 123]
[314, 788, 488]
[706, 146, 328]
[984, 881, 491]
[90, 340, 36]
[734, 466, 227]
[110, 962, 997]
[404, 208, 218]
[373, 440, 664]
[339, 488, 914]
[758, 771, 399]
[158, 996, 271]
[712, 1000, 105]
[364, 202, 138]
[448, 465, 281]
[41, 766, 823]
[928, 449, 406]
[389, 168, 523]
[118, 140, 641]
[521, 982, 888]
[956, 738, 594]
[337, 146, 876]
[779, 304, 595]
[481, 943, 310]
[622, 373, 933]
[728, 1, 125]
[198, 565, 892]
[153, 382, 906]
[55, 691, 779]
[62, 288, 515]
[151, 188, 532]
[751, 766, 519]
[773, 547, 643]
[493, 673, 946]
[921, 215, 169]
[196, 354, 46]
[380, 923, 73]
[937, 1000, 784]
[531, 95, 954]
[677, 226, 788]
[417, 791, 771]
[643, 841, 324]
[379, 803, 25]
[64, 574, 390]
[205, 864, 997]
[355, 980, 739]
[950, 428, 901]
[521, 896, 419]
[112, 872, 190]
[742, 896, 14]
[818, 996, 814]
[193, 839, 660]
[578, 132, 392]
[356, 108, 454]
[236, 107, 685]
[153, 419, 540]
[682, 541, 752]
[955, 648, 872]
[848, 452, 377]
[470, 845, 928]
[317, 889, 534]
[472, 590, 715]
[485, 825, 213]
[401, 735, 431]
[808, 770, 851]
[96, 529, 806]
[146, 975, 577]
[969, 517, 506]
[343, 962, 270]
[364, 505, 861]
[634, 599, 238]
[708, 949, 451]
[406, 874, 662]
[780, 806, 290]
[984, 520, 112]
[676, 731, 545]
[610, 544, 3]
[532, 363, 534]
[841, 554, 943]
[401, 931, 556]
[939, 825, 545]
[790, 226, 94]
[108, 627, 792]
[129, 652, 768]
[631, 836, 616]
[611, 259, 116]
[628, 182, 284]
[88, 585, 200]
[480, 703, 311]
[543, 562, 619]
[178, 120, 298]
[557, 253, 237]
[371, 9, 875]
[664, 824, 47]
[704, 852, 479]
[394, 645, 248]
[745, 681, 249]
[363, 550, 683]
[575, 47, 775]
[650, 778, 988]
[286, 869, 172]
[726, 226, 133]
[922, 554, 354]
[240, 372, 347]
[530, 872, 631]
[683, 68, 792]
[743, 825, 106]
[287, 583, 110]
[226, 692, 615]
[620, 95, 817]
[323, 505, 189]
[98, 360, 368]
[469, 318, 279]
[89, 121, 260]
[297, 4, 74]
[802, 481, 656]
[751, 333, 768]
[386, 997, 843]
[278, 660, 578]
[772, 529, 253]
[965, 14, 796]
[254, 355, 305]
[390, 818, 57]
[114, 899, 498]
[874, 676, 318]
[283, 326, 43]
[796, 230, 465]
[453, 557, 128]
[321, 599, 353]
[839, 892, 631]
[297, 341, 928]
[491, 132, 206]
[634, 909, 878]
[312, 969, 527]
[843, 57, 562]
[850, 787, 758]
[79, 992, 197]
[344, 285, 608]
[731, 570, 411]
[918, 593, 748]
[643, 93, 219]
[636, 493, 750]
[636, 427, 20]
[274, 755, 720]
[934, 366, 373]
[810, 531, 56]
[212, 189, 320]
[374, 749, 65]
[449, 210, 674]
[853, 995, 368]
[791, 351, 123]
[720, 697, 201]
[470, 661, 34]
[831, 804, 123]
[881, 588, 615]
[694, 457, 448]
[732, 218, 386]
[918, 427, 556]
[135, 389, 353]
[417, 751, 999]
[397, 164, 862]
[815, 628, 659]
[554, 204, 631]
[643, 762, 728]
